3
100 5 0
504 803 667 1103 834 585 811 856 690 832 846 813 868 793 825 1002 860 615 540 797 616 660 707 866 647 746 1006 608 877 900 573 788 484 853 942 630 591 630 640 1169 932 1034 957 798 669 625 467 1051 552 717 654 388 559 555 1104 783 959 668 507 855 986 831 821 825 868 852 832 828 799 686 510 671 575 740 510 675 996 636 826 1022 1140 654 909 799 1162 653 814 625 599 476 767 954 906 904 649 873 565 853 1008 632 
42 41 523 215 819 551 69 193 582 375 367 478 162 898 550 553 298 577 493 183 260 224 852 394 958 282 402 604 164 308 218 61 273 772 191 117 276 877 415 873 902 465 320 870 244 781 86 622 665 155 680 101 665 227 597 354 597 79 162 998 849 136 112 751 735 884 71 449 266 420 797 945 746 46 44 545 882 72 383 714 987 183 731 301 718 91 109 567 708 507 983 808 766 615 554 282 995 946 651 298 
509 883 229 569 706 639 114 727 491 481 681 948 687 941 350 253 573 40 124 384 660 951 739 329 146 593 658 816 638 717 779 289 430 851 937 289 159 260 930 248 656 833 892 60 278 741 297 967 86 249 354 614 836 290 893 857 158 869 206 504 799 758 431 580 780 788 583 641 32 653 252 709 129 368 440 314 287 854 460 594 512 239 719 751 708 670 269 832 137 356 960 651 398 893 407 477 552 805 881 850 
806 361 199 781 596 669 957 358 259 888 319 751 275 177 883 749 229 265 282 694 819 77 190 551 140 442 867 283 137 359 445 58 440 192 485 744 844 969 50 833 57 877 482 732 968 113 486 710 439 747 174 260 877 474 841 422 280 684 330 910 791 322 404 403 519 148 948 414 894 147 73 297 97 651 380 67 582 973 143 732 624 518 847 113 382 97 905 398 859 4 142 110 11 213 398 173 106 331 254 447 
404 197 817 1000 44 307 39 659 46 334 448 599 931 776 263 980 807 378 278 841 700 210 542 636 388 129 203 110 817 502 657 804 662 989 585 645 113 436 610 948 919 115 967 13 445 449 740 592 327 167 368 335 179 909 825 614 987 350 179 415 821 525 774 283 427 275 659 392 73 896 68 982 697 421 246 672 649 731 191 514 983 886 95 846 689 206 417 14 735 267 822 977 302 687 118 990 323 993 525 322 
475 36 287 577 45 700 803 654 196 844 657 387 518 143 515 335 942 701 332 803 265 922 908 139 995 845 487 100 447 653 649 738 424 475 425 926 795 47 136 801 904 740 768 460 76 660 500 915 897 25 716 557 72 696 653 933 420 582 810 861 758 647 237 631 271 91 75 756 409 440 483 336 765 637 981 980 202 35 594 689 602 76 767 693 893 160 785 311 417 748 375 362 617 553 474 915 457 261 350 635 
11927 13727 11551 13056 13460 
100 5 0
1231 498 927 1115 671 888 477 982 1018 699 772 867 913 534 762 707 610 797 801 705 397 418 502 667 1105 694 865 554 852 717 642 445 1083 596 849 619 406 775 441 714 513 651 1060 409 723 761 784 651 725 761 576 508 731 704 640 616 855 1001 641 834 537 620 603 364 553 615 589 574 790 759 700 887 575 550 1162 772 973 387 383 700 934 650 959 1282 969 1163 886 835 1137 502 483 511 796 1090 690 901 773 829 885 1103 
666 688 983 479 117 68 357 972 505 865 36 603 982 727 396 23 201 67 423 272 234 567 168 798 693 2 317 576 393 990 284 235 602 374 471 196 30 268 47 516 362 963 570 174 226 281 213 297 699 51 327 590 929 342 883 145 31 753 947 71 449 579 772 876 755 342 30 809 24 336 217 568 299 157 846 183 654 223 10 870 835 808 508 977 309 997 920 892 749 355 819 186 46 591 102 859 935 855 334 968 
716 97 257 968 460 815 704 32 961 767 253 693 737 316 780 233 190 414 393 143 536 274 69 87 693 449 840 480 662 906 877 320 890 791 464 316 78 800 576 728 475 546 845 406 86 580 856 927 325 655 85 690 95 4 193 552 840 458 995 491 7 518 284 121 728 306 646 365 632 937 558 48 229 303 666 873 881 411 272 466 330 665 60 782 450 769 583 427 799 266 319 100 362 213 307 468 352 873 355 89 
923 385 266 374 886 895 107 647 138 39 461 866 524 500 589 586 410 595 687 98 585 241 308 436 368 773 523 223 978 141 47 386 766 729 748 628 47 826 234 430 123 265 909 143 395 863 154 262 335 696 313 557 150 558 898 82 984 246 98 860 597 101 762 607 530 657 340 104 943 783 621 688 721 384 233 689 296 339 209 122 599 624 861 866 543 810 769 846 955 642 561 922 994 931 908 329 366 513 274 868 
742 496 589 804 302 958 873 201 818 391 491 166 133 125 858 858 516 468 113 688 40 303 568 489 727 149 709 510 747 208 605 55 549 411 131 83 785 273 396 445 417 365 873 155 879 741 426 742 755 118 26 24 88 534 62 17 455 923 293 640 856 919 751 178 332 784 749 51 875 417 196 727 950 483 809 232 101 745 507 261 814 757 652 727 658 902 421 731 1000 303 68 53 501 782 718 979 530 824 692 926 
827 439 328 494 745 386 124 996 847 440 943 999 181 500 574 355 934 472 76 693 122 447 881 847 971 500 644 116 679 315 648 378 450 187 368 427 225 57 458 274 182 395 396 613 47 337 586 694 813 340 51 41 981 699 862 574 873 738 487 12 556 689 282 1 31 5 787 348 286 361 123 39 490 138 892 829 933 141 758 679 47 98 729 982 675 749 42 168 600 192 337 163 264 793 536 843 715 964 651 619 
24045 24345 26096 25634 24302 
100 5 0
1035 760 1051 473 414 773 571 578 690 552 916 1000 538 485 480 619 1069 694 1116 964 810 523 570 457 540 718 776 599 967 835 561 973 1006 913 536 754 1032 756 692 830 884 830 872 730 418 1042 585 1058 957 331 935 317 755 636 751 812 655 590 858 916 554 1062 861 486 742 625 887 883 652 960 811 920 456 335 638 799 753 511 1028 590 710 1025 920 524 500 873 932 886 819 799 613 637 1050 543 756 565 500 659 472 666 
898 137 865 892 976 857 353 15 11 215 98 834 43 374 17 371 903 227 661 296 519 721 111 142 513 328 983 89 893 733 933 642 519 728 138 92 927 489 938 781 730 104 618 917 7 405 81 560 617 214 696 4 455 234 209 465 348 520 474 931 383 585 54 232 827 69 511 945 588 961 53 443 534 140 60 692 670 236 762 940 677 483 668 777 575 120 947 296 304 543 210 772 761 448 804 432 29 424 71 892 
703 58 931 130 191 4 65 501 240 353 211 598 683 241 112 439 593 450 740 723 387 245 896 28 282 785 975 906 350 712 268 908 951 908 476 656 716 871 631 530 326 660 326 543 252 497 619 886 389 177 747 291 927 436 597 347 907 173 567 543 333 959 140 576 644 286 104 63 677 950 351 730 936 175 513 5 87 219 679 86 474 901 641 231 732 954 199 57 227 836 324 149 538 378 321 250 30 849 207 774 
963 713 946 429 12 560 317 138 373 871 834 80 296 102 535 999 929 136 951 951 770 109 198 758 78 220 569 890 759 365 153 205 941 360 190 491 669 824 99 549 381 252 293 747 240 835 515 435 735 45 461 964 465 978 884 553 616 227 470 526 644 250 749 460 836 122 524 852 648 926 889 302 167 587 321 735 553 877 182 139 308 82 697 800 640 536 520 942 833 176 502 496 671 335 85 99 583 496 908 57 
399 635 464 149 36 900 772 836 188 347 808 864 667 71 451 307 326 298 289 789 424 338 434 206 224 29 456 603 975 938 734 417 2 671 344 298 612 710 399 74 728 711 714 352 842 403 643 798 955 654 510 111 710 482 930 906 621 155 597 139 587 239 218 852 704 561 257 878 70 802 10 386 462 382 354 733 417 200 785 263 592 573 321 682 186 640 246 611 353 419 526 867 475 616 399 586 457 787 139 704 
602 456 541 474 309 123 233 358 760 843 213 696 772 742 760 664 740 108 998 482 770 403 465 99 784 85 679 147 310 939 438 352 185 983 288 116 125 572 63 804 24 215 158 928 359 658 381 440 741 445 626 213 464 571 848 371 209 693 353 440 550 953 810 14 114 192 603 391 399 18 531 565 145 226 446 863 994 233 710 851 109 708 930 38 355 501 617 140 695 217 773 368 794 718 887 642 701 619 502 524 
36577 36182 38612 37338 36798 
