3
250 5 0
866 319 563 1003 601 638 870 1033 782 708 612 631 837 671 552 753 1097 885 387 757 827 667 525 508 910 940 939 626 1035 757 718 883 1155 774 509 846 809 561 636 832 840 720 638 512 638 651 720 662 745 632 968 738 918 541 864 195 553 757 626 719 768 536 995 856 906 696 850 584 744 1130 482 1005 348 701 1077 718 799 570 574 565 597 361 778 682 358 600 1066 693 476 962 748 559 725 711 795 417 674 300 650 880 698 508 982 737 920 599 428 594 297 762 424 757 999 939 647 814 772 488 878 632 1034 709 552 669 1039 789 959 905 1009 755 559 424 748 860 800 1146 418 789 721 757 1107 878 850 816 724 1011 742 541 766 739 536 697 494 839 417 644 756 511 913 678 698 407 815 823 743 945 1055 472 947 386 1011 1121 886 1055 842 691 389 522 790 886 500 1018 650 663 640 909 602 590 747 465 714 615 806 829 946 965 633 912 966 525 793 728 717 681 821 892 452 561 393 524 823 658 680 814 1091 668 650 315 943 830 586 615 1039 655 645 759 890 805 1010 635 491 855 634 534 1076 276 536 644 761 893 743 410 553 797 714 734 734 773 745 378 
838 379 403 772 84 758 290 242 445 878 86 788 133 13 980 768 882 999 430 981 17 731 866 813 691 125 445 433 394 989 677 96 974 686 488 183 381 286 456 615 478 71 83 290 308 410 612 811 891 463 803 48 932 220 93 33 193 324 452 6 159 858 636 602 670 265 667 217 442 566 214 386 7 888 906 300 6 173 1 282 33 684 489 270 288 258 796 224 2 381 529 635 275 746 485 307 840 263 250 105 443 39 419 306 230 553 188 659 745 959 844 141 909 239 624 368 524 60 854 200 390 570 54 34 605 932 168 621 771 685 429 57 320 392 816 720 725 152 49 415 503 743 101 475 957 640 223 36 769 859 484 602 702 867 513 585 5 16 661 79 287 13 278 791 625 170 21 333 371 712 880 360 712 982 995 502 155 797 414 715 837 670 629 663 352 111 810 722 483 151 203 40 284 127 979 701 439 164 841 439 889 190 562 262 490 987 15 492 550 25 207 53 2 597 498 509 830 78 963 547 272 272 995 458 730 770 901 689 225 719 581 927 765 180 783 329 183 318 145 847 798 569 24 210 455 993 259 325 927 945 
866 142 754 564 805 179 666 926 219 637 671 730 113 813 97 442 878 281 749 320 632 325 323 80 634 17 844 761 184 655 276 591 832 97 843 298 128 108 971 676 830 631 921 341 268 938 51 671 601 46 446 656 222 512 925 371 220 820 809 822 200 171 579 993 516 213 298 531 725 510 61 803 206 504 271 17 375 268 869 963 813 63 913 7 688 350 173 196 311 706 374 415 804 137 78 598 223 267 639 565 851 543 424 260 699 296 10 773 98 364 327 583 493 446 479 372 537 144 241 171 619 666 20 564 756 641 388 254 137 9 307 27 28 656 924 630 308 559 112 874 757 378 807 194 263 586 462 232 535 326 843 614 200 510 450 310 775 899 893 210 321 168 196 859 806 425 658 202 450 285 707 903 239 821 767 397 396 546 336 154 251 616 67 248 757 717 288 13 382 719 585 882 489 448 660 717 697 554 865 127 117 210 914 229 697 799 429 423 43 672 796 491 212 862 767 726 107 510 614 48 593 269 760 853 231 529 202 114 783 803 88 261 948 278 773 3 778 775 931 209 469 746 458 378 444 808 872 339 482 90 
196 343 151 308 19 643 251 834 318 809 566 60 642 629 232 177 549 930 92 573 873 90 586 297 930 967 305 254 919 540 225 98 259 379 138 958 568 405 902 997 424 883 655 805 980 887 904 339 425 729 580 608 765 34 186 62 436 731 811 824 979 491 561 988 713 115 287 930 153 690 416 857 393 199 849 646 95 625 246 636 272 672 149 890 120 482 940 287 729 925 315 574 964 448 362 585 160 135 673 527 357 290 905 534 784 637 981 15 52 838 184 683 956 816 733 553 59 737 401 661 712 822 897 847 90 138 611 529 655 504 94 719 837 558 128 819 845 630 379 167 986 451 527 74 957 536 229 791 541 40 769 616 977 13 133 117 414 689 709 364 711 70 847 224 551 854 958 786 816 161 403 792 337 794 730 376 281 689 869 458 294 30 123 560 340 874 631 679 526 862 168 682 758 768 259 195 533 633 915 409 553 231 140 96 385 363 130 132 321 450 76 467 654 52 888 877 537 30 494 492 396 888 611 747 454 782 924 841 654 55 630 482 672 391 711 185 483 285 175 631 462 316 308 322 494 313 440 159 761 193 
322 38 759 864 80 335 606 849 391 496 90 681 920 931 478 746 963 521 53 928 960 834 7 30 514 192 61 726 730 510 427 858 517 691 191 821 724 894 14 256 15 857 89 470 409 734 426 647 778 626 57 989 231 979 948 120 449 763 370 66 359 242 335 537 669 956 341 192 114 920 398 308 410 908 972 87 904 73 964 535 298 146 830 635 73 283 734 203 55 156 47 581 575 874 509 63 939 626 695 344 392 348 934 860 921 833 129 827 95 573 228 865 163 858 244 667 225 170 267 606 845 11 484 152 738 440 965 747 982 387 511 813 887 324 719 785 156 568 26 155 779 370 506 877 510 594 475 820 837 273 141 282 58 400 447 58 855 178 335 758 415 752 652 1000 39 271 840 42 986 481 198 702 175 576 847 596 740 315 76 999 174 734 635 430 431 682 10 52 815 306 244 511 422 129 822 776 167 516 305 607 316 996 485 268 73 279 450 365 282 339 598 739 76 674 717 499 964 347 547 981 385 14 235 742 915 750 726 646 240 437 42 705 10 896 800 54 450 775 971 545 67 43 969 512 870 652 811 560 457 242 
508 630 214 472 612 436 69 671 978 281 337 848 203 415 731 327 661 195 393 104 522 511 749 699 653 959 693 742 565 934 669 807 949 486 830 590 527 665 557 76 428 290 188 542 165 66 873 256 358 228 640 514 135 496 16 170 722 120 329 223 12 188 393 73 692 901 641 721 125 747 82 277 299 144 399 56 919 769 89 314 554 88 37 764 67 211 590 914 785 969 209 119 943 746 149 202 170 164 238 498 540 325 846 874 887 555 458 132 216 957 70 423 913 648 848 288 492 152 149 746 520 885 646 894 534 49 488 408 352 730 254 455 758 284 311 898 24 332 967 491 499 845 230 629 243 715 915 565 812 672 406 842 449 873 296 59 953 552 995 573 813 688 41 177 58 602 669 671 382 219 708 597 893 897 250 342 353 193 492 746 346 834 104 433 163 183 766 264 289 32 446 863 433 829 526 456 336 503 146 872 706 126 810 122 679 666 73 792 193 459 251 961 871 791 181 185 790 159 241 203 852 280 184 343 164 346 286 756 713 530 996 308 43 904 48 482 666 720 909 572 485 288 442 80 617 710 138 512 299 80 
29562 30027 32082 31340 29959 
250 5 0
603 907 658 677 602 723 560 1075 384 361 734 663 493 789 849 689 804 955 887 941 635 805 775 508 1028 820 1167 787 924 709 621 799 443 416 681 694 1295 623 741 795 784 695 767 751 974 836 656 543 498 1149 815 726 664 588 730 844 753 807 739 461 844 358 582 953 599 1075 442 552 971 668 675 535 1060 748 547 612 708 1039 888 893 759 1050 555 967 514 653 961 766 776 496 801 516 942 519 893 638 622 939 875 444 752 949 834 602 647 718 597 962 706 710 951 603 639 560 798 974 690 886 723 1206 746 861 995 649 900 896 603 781 706 1173 663 859 849 516 995 724 943 933 659 751 559 791 1234 614 827 792 675 751 812 711 724 489 805 797 737 619 983 648 287 282 604 939 751 611 1021 872 957 966 823 906 1112 713 1009 887 776 650 797 793 917 576 729 771 684 842 605 965 739 503 471 802 513 835 657 403 685 932 737 441 819 757 808 564 419 1040 714 431 870 733 496 1146 800 832 822 401 799 854 430 926 922 737 522 590 803 573 654 755 981 716 633 801 811 458 1175 425 454 1176 1032 926 505 750 843 650 884 1119 902 733 586 881 814 915 
392 713 701 366 7 241 356 252 783 598 822 205 29 817 620 743 857 915 652 574 853 372 130 157 838 756 838 337 285 130 620 531 346 256 206 841 772 826 401 857 35 691 834 693 954 54 207 749 133 853 109 367 503 60 389 759 48 186 230 486 944 829 176 388 711 898 605 166 384 919 72 373 992 281 11 476 59 196 994 880 929 790 953 597 642 938 942 988 407 174 630 710 676 379 480 999 663 736 179 107 145 853 521 34 79 664 681 819 648 218 701 769 723 566 903 832 920 967 652 990 491 751 959 761 512 303 884 828 450 729 88 570 513 286 323 590 255 841 51 424 249 416 543 640 765 798 329 152 672 194 648 195 949 349 16 599 636 902 235 627 160 774 372 273 935 354 391 459 88 443 746 508 774 871 769 309 214 662 940 308 922 148 554 468 499 337 482 392 761 802 878 276 418 166 718 841 547 280 597 415 218 807 269 495 128 983 355 488 463 805 635 870 382 212 26 961 167 483 149 587 749 643 189 783 455 137 927 178 406 304 612 523 821 132 237 786 669 398 773 945 510 43 652 541 989 19 215 723 584 722 
457 538 386 848 271 212 271 552 214 92 22 219 69 743 682 91 914 755 911 551 62 576 661 57 880 536 598 984 538 856 150 390 261 411 215 393 797 755 474 211 140 207 365 600 400 395 120 219 676 755 589 959 455 333 594 766 854 584 520 76 906 361 873 760 226 744 396 271 863 196 512 313 145 819 90 40 764 391 831 988 314 882 127 624 215 599 223 186 688 318 757 581 729 62 834 271 736 655 618 794 132 911 370 762 621 968 309 218 354 467 743 39 965 207 406 634 640 280 603 270 443 648 765 270 981 911 416 228 982 937 951 56 765 171 335 327 999 902 823 295 90 487 696 411 949 244 225 92 752 175 559 906 762 464 686 229 294 915 307 174 341 591 925 171 650 306 71 711 896 613 350 286 924 675 298 313 161 248 839 654 71 443 521 613 235 860 122 98 173 212 571 749 533 127 291 571 474 2 242 18 575 300 604 687 303 78 462 888 914 987 730 225 687 70 227 847 263 909 592 534 546 65 272 298 693 34 489 935 423 309 424 57 878 445 216 547 940 874 243 913 400 668 530 564 878 398 252 465 662 659 
840 976 373 793 618 332 70 776 111 32 174 633 658 500 595 430 506 2 810 830 929 331 690 477 861 912 956 364 940 490 127 902 530 184 645 846 818 228 792 489 742 877 906 207 894 954 94 153 482 899 154 305 952 791 969 572 732 828 267 801 11 115 3 870 782 935 83 31 687 601 402 125 884 806 593 624 622 963 393 252 145 942 172 253 513 36 605 627 144 657 113 827 490 699 746 843 941 789 671 211 113 164 789 540 35 172 172 602 865 936 154 809 413 315 864 288 418 50 310 752 784 526 830 691 703 770 459 237 501 625 657 915 56 564 489 870 306 878 379 454 255 984 922 646 360 60 261 548 13 682 907 36 260 347 788 537 820 489 127 515 416 571 552 728 780 386 918 691 569 381 909 316 265 388 352 564 817 694 820 63 481 179 173 311 941 353 81 29 312 720 78 583 93 76 597 592 622 613 139 554 617 616 27 684 366 59 517 107 536 291 101 458 846 262 691 386 41 23 70 495 492 957 592 320 629 371 831 44 757 629 329 757 696 143 957 950 941 78 833 260 958 10 855 949 669 282 230 43 306 390 
378 87 974 635 292 117 574 705 23 284 897 755 543 338 744 235 954 794 376 228 131 749 977 724 867 648 812 224 902 507 399 37 359 317 448 583 915 40 170 645 973 32 362 942 487 11 384 20 3 792 127 925 357 47 179 393 417 955 285 311 771 50 904 333 162 289 440 571 612 431 344 775 441 136 8 847 511 998 696 105 656 343 24 986 100 834 835 759 816 166 95 95 172 848 629 429 438 467 248 767 184 76 480 232 522 340 300 525 79 269 449 418 888 977 668 162 67 765 441 584 105 401 858 369 698 357 70 30 329 442 311 970 775 501 882 703 969 676 236 665 1 230 865 440 12 813 500 142 376 474 413 716 356 908 726 788 213 240 180 87 476 96 838 452 409 443 614 125 405 304 658 426 803 34 858 666 300 794 31 477 260 568 624 482 136 527 460 713 300 603 62 640 87 971 875 118 525 383 357 754 112 744 477 601 589 810 795 376 55 994 77 424 63 399 865 531 278 922 890 599 120 597 348 514 793 669 776 808 444 543 782 396 936 340 142 381 577 660 196 403 311 843 295 870 544 526 920 61 110 652 
618 143 249 45 518 780 795 916 732 224 830 820 249 109 221 99 475 126 933 897 109 131 897 367 411 639 344 255 493 291 224 103 619 672 374 285 813 599 21 34 239 777 762 158 806 501 809 551 70 669 633 113 199 191 376 180 459 492 215 328 208 219 243 786 173 683 65 323 391 378 198 701 633 40 969 405 957 267 802 118 126 169 607 804 352 303 570 259 774 284 556 3 681 397 984 500 97 71 303 217 870 614 479 958 555 759 755 921 127 815 568 586 147 491 125 746 914 436 568 940 836 112 648 510 449 162 598 479 350 900 187 693 321 282 888 901 715 542 375 810 731 642 973 329 477 202 572 922 148 645 954 383 589 167 419 290 503 169 199 9 123 171 155 992 968 446 336 522 899 468 662 383 337 28 143 549 460 198 283 294 311 699 343 645 657 882 140 528 523 322 161 739 754 283 600 795 795 419 841 405 730 249 96 930 201 35 239 572 121 848 404 565 809 989 312 68 897 16 501 846 109 310 892 909 114 805 257 292 171 600 376 494 600 534 573 946 339 746 380 855 714 688 492 879 508 156 5 661 772 570 
65908 61671 63763 59793 59747 
250 5 0
1069 684 810 1067 416 500 647 957 498 361 933 726 785 833 404 676 949 917 762 559 578 659 921 591 785 328 727 921 774 782 1012 993 860 800 912 1136 1021 918 503 698 571 630 1102 671 588 704 1067 771 772 736 815 840 887 576 531 815 727 751 736 614 522 1035 840 1029 774 486 1101 673 748 839 681 483 890 540 540 688 538 867 627 1007 638 406 608 965 931 557 869 658 900 642 1053 977 406 940 697 335 783 895 813 523 736 1084 362 956 942 869 505 452 874 864 466 846 1027 1170 680 761 738 1073 1123 858 1076 1087 816 448 892 674 689 592 558 622 942 766 734 441 703 737 524 389 1022 851 655 869 709 292 845 572 881 970 513 894 937 906 649 919 647 862 474 1055 380 923 787 800 731 718 580 916 1030 914 704 369 741 749 562 651 495 595 489 1003 960 661 605 808 896 587 1104 843 919 1096 557 759 322 1082 498 707 922 859 642 1095 900 494 733 865 564 813 832 799 1171 520 847 563 887 581 683 940 537 862 705 862 608 638 960 918 835 904 723 869 688 907 593 925 930 1016 989 608 687 745 683 345 879 1113 691 731 786 793 623 743 745 914 850 888 
942 349 751 860 224 484 92 687 271 214 617 219 249 719 589 651 440 27 119 502 639 909 480 76 150 399 211 713 885 380 330 559 114 511 256 990 555 26 216 115 178 277 735 753 27 269 828 273 903 872 500 851 822 458 85 330 798 465 56 825 606 409 645 800 249 95 854 700 867 605 188 385 485 674 849 144 424 318 34 241 619 208 434 447 213 313 614 679 962 77 45 486 141 380 220 77 561 125 362 205 304 781 344 90 560 986 495 698 24 587 86 834 918 915 218 956 414 465 460 506 202 521 345 298 844 600 605 383 188 106 628 923 82 747 206 102 459 511 704 613 483 731 746 147 279 192 716 705 792 75 967 405 302 637 621 987 138 307 768 846 257 397 228 21 25 630 636 501 926 633 77 147 762 342 116 486 406 487 752 310 555 238 822 943 734 586 569 874 55 909 23 642 48 838 1 98 726 727 914 343 393 751 405 682 892 877 716 593 995 337 413 746 215 682 363 895 659 543 148 640 163 214 328 923 602 358 589 812 616 734 434 660 285 817 513 427 977 496 716 726 591 293 588 655 892 304 35 550 691 700 
47 555 335 967 755 513 805 133 53 177 967 745 698 460 177 568 489 718 729 757 626 347 496 692 124 195 243 704 937 405 904 106 754 252 817 776 794 516 843 890 796 571 355 562 395 727 565 523 685 715 860 391 606 666 472 885 671 423 995 344 43 930 290 753 949 955 627 488 275 244 515 445 712 728 661 617 556 421 473 523 180 243 458 523 466 865 662 80 834 988 716 395 210 574 295 24 879 480 852 815 215 984 381 559 890 441 371 277 863 478 774 887 855 876 684 219 124 569 970 966 256 896 510 886 709 762 56 15 289 539 956 870 973 2 385 615 521 166 743 542 873 577 634 23 550 390 465 711 149 682 453 783 839 748 857 324 390 660 166 375 418 132 172 236 790 537 464 245 222 416 176 349 261 840 71 356 904 851 337 862 220 548 389 322 752 736 774 842 515 877 672 839 771 691 802 594 322 804 472 635 409 829 70 570 881 897 860 862 54 450 676 704 435 255 212 391 891 412 811 746 460 301 542 392 348 400 224 95 569 997 723 982 530 638 665 707 166 358 465 300 864 739 626 974 231 99 113 887 184 456 
666 508 786 724 200 33 413 875 189 524 178 282 216 576 224 899 810 666 732 269 502 214 997 326 708 271 467 120 436 185 54 372 803 999 629 985 527 850 261 555 681 832 446 340 408 184 932 332 120 55 538 191 348 701 847 714 209 668 109 334 981 750 957 488 756 27 773 366 321 716 149 474 829 139 548 756 209 663 357 944 50 881 425 893 530 640 835 233 256 332 774 965 469 525 311 564 670 801 649 890 608 983 133 22 527 734 6 160 685 884 701 641 898 321 649 885 32 928 884 105 588 136 958 748 611 78 98 112 226 464 802 21 99 394 764 721 281 73 290 89 890 736 890 150 264 182 345 888 758 780 408 612 706 887 500 861 39 922 263 843 407 25 192 734 658 869 91 377 898 242 680 895 34 962 420 327 50 976 226 366 372 196 856 160 955 489 193 222 73 424 13 991 341 195 355 983 678 721 426 464 490 804 874 834 317 19 517 83 770 616 724 223 922 961 403 982 984 87 173 961 489 969 590 682 388 622 778 926 933 205 112 276 777 412 982 674 89 218 131 996 703 181 79 643 913 874 259 671 816 921 
687 484 751 492 727 638 53 51 294 469 657 201 686 702 16 196 692 623 695 351 15 696 505 384 714 18 72 824 893 945 475 702 168 105 548 946 659 937 838 698 846 490 537 302 788 758 533 916 110 169 632 299 416 176 368 408 398 180 815 946 508 117 593 774 624 414 719 834 648 485 393 409 563 310 181 724 713 52 266 499 218 240 851 190 847 789 324 69 314 473 710 929 334 555 107 881 14 212 328 213 687 312 133 971 917 530 957 394 94 16 454 809 113 739 760 470 548 477 942 816 991 984 318 12 100 59 791 241 107 507 359 154 800 43 546 565 28 188 82 560 291 978 105 343 306 84 224 141 558 545 397 337 141 475 653 220 798 949 495 163 855 820 789 513 506 662 728 314 663 69 67 23 160 90 372 764 422 361 257 683 647 889 937 415 820 216 117 824 915 209 370 665 322 645 744 235 590 977 544 199 167 165 40 598 588 864 941 441 733 172 637 663 844 534 346 770 731 225 101 184 740 647 872 163 219 151 810 743 332 461 233 678 835 980 353 654 960 172 806 837 87 91 755 666 680 326 248 59 691 956 
685 213 985 894 66 7 371 786 26 14 275 336 571 839 77 458 582 110 155 710 334 657 819 672 531 595 481 705 340 337 932 843 406 302 465 16 550 184 249 973 352 111 996 794 174 937 643 55 455 134 87 533 893 468 538 673 501 602 304 9 388 525 29 828 718 932 190 596 534 611 439 578 972 579 31 781 426 396 701 898 157 215 161 827 228 6 571 600 729 160 701 629 234 318 743 64 767 830 197 345 529 843 707 744 759 281 484 136 855 41 69 397 95 625 284 366 617 944 823 163 896 524 255 85 253 204 178 144 456 813 25 105 583 669 629 519 272 97 882 827 526 399 673 399 829 186 390 752 182 585 846 355 673 967 279 721 197 912 85 474 305 712 8 538 120 443 734 998 526 228 858 342 806 863 321 31 143 741 912 711 114 706 608 304 420 312 885 544 123 569 329 831 58 376 907 670 869 525 894 719 460 889 235 368 671 760 471 327 509 911 778 333 909 410 652 954 185 703 912 84 854 704 422 807 684 971 817 347 93 370 861 192 231 81 102 883 633 354 921 597 88 411 179 760 135 42 939 689 240 533 
91901 103057 97326 91682 92712 
