3
100 10 0
803 728 743 464 853 587 856 579 359 635 661 679 583 1026 637 652 603 583 1017 817 633 633 672 540 732 879 1031 801 892 1030 844 659 952 917 1078 1012 709 699 1091 887 802 1016 757 810 1023 757 518 632 1091 595 630 916 759 674 553 703 530 790 628 671 667 885 527 970 683 716 714 919 504 703 924 533 510 993 840 538 909 884 639 811 1000 267 632 937 875 768 928 378 948 628 530 676 662 490 1006 949 822 694 1013 600 
300 78 275 724 674 227 84 587 768 51 446 955 886 871 557 978 336 442 71 222 505 327 706 86 596 257 726 420 835 792 739 373 796 769 745 540 966 450 721 242 559 352 990 951 875 329 803 892 52 681 388 824 892 381 52 774 372 368 969 929 378 449 249 255 123 745 978 862 302 549 229 418 389 768 961 186 657 717 254 533 733 144 208 928 919 402 536 900 893 814 121 601 262 207 735 125 755 581 464 674 
297 539 903 75 384 474 909 5 97 323 326 125 578 415 420 581 272 455 895 294 633 858 215 157 807 322 670 997 315 101 489 784 479 836 224 917 898 894 347 576 434 834 243 940 403 326 408 353 945 307 48 302 287 621 546 749 869 147 870 329 115 450 534 592 609 25 16 392 202 5 818 195 444 571 948 154 552 567 820 243 537 358 260 706 471 237 676 281 145 273 567 87 692 787 878 857 821 89 983 388 
24 638 899 982 207 788 194 455 217 71 799 539 720 713 443 268 257 861 891 857 633 620 336 912 500 361 66 469 789 717 244 73 780 801 894 185 947 680 917 275 887 792 986 424 167 108 389 258 941 963 47 869 711 117 170 725 221 131 370 371 792 460 264 518 111 127 370 875 121 69 396 485 433 305 589 908 460 214 1 389 972 31 426 836 986 20 941 652 222 914 93 634 646 343 923 613 808 264 160 254 
791 715 560 703 415 363 239 357 953 567 368 349 21 874 874 872 443 56 632 798 255 773 36 692 239 485 980 381 886 875 592 345 863 778 985 520 385 110 905 501 69 944 922 106 680 315 735 912 904 585 877 475 136 92 495 799 300 479 540 125 820 712 258 299 776 587 358 503 815 168 979 658 840 984 974 532 765 962 851 323 963 904 185 507 762 40 798 108 628 547 123 127 231 8 781 862 810 638 248 198 
98 947 956 509 298 728 253 779 244 208 324 227 50 708 719 158 787 33 536 60 327 852 128 105 968 314 978 368 318 826 407 123 617 943 757 326 620 687 63 439 614 533 522 174 439 862 981 972 789 573 262 989 573 184 604 828 336 503 1000 515 954 751 627 776 676 899 870 974 516 5 891 848 218 664 79 542 938 397 660 397 567 183 96 592 846 271 943 201 558 926 961 357 216 110 419 627 267 111 742 211 
4 459 106 86 392 345 585 761 193 746 19 393 73 932 117 389 2 10 184 406 314 256 3 544 903 839 640 893 606 660 622 86 475 297 420 672 928 409 969 696 694 276 507 431 252 910 206 260 666 464 784 372 740 948 998 314 887 968 257 230 62 410 718 543 553 397 728 640 306 471 118 499 463 987 916 425 198 525 435 677 301 329 775 699 892 242 620 36 881 3 192 806 761 543 806 118 543 810 272 461 
926 396 649 219 598 352 454 493 1 968 979 240 675 6 373 499 51 699 731 134 899 312 402 997 449 494 621 938 211 749 169 118 413 367 514 726 802 170 440 501 132 679 671 373 164 295 137 860 184 358 299 696 263 966 570 155 629 12 164 261 471 833 958 805 78 352 857 253 548 250 75 55 823 187 679 627 680 626 44 78 179 116 950 866 900 669 182 376 725 635 466 398 770 611 285 688 921 640 853 856 
682 495 207 741 459 268 898 380 440 138 413 193 148 348 642 148 274 830 679 964 82 147 289 557 396 805 679 912 630 230 943 254 54 746 563 349 878 552 721 367 803 132 982 221 891 751 296 406 689 721 77 199 803 187 191 769 174 999 84 598 886 747 63 225 655 10 984 880 378 386 804 451 360 779 364 154 897 572 863 864 522 317 575 337 375 411 692 196 302 16 251 608 751 295 180 904 13 695 726 615 
942 431 834 554 850 484 58 191 108 75 792 801 451 994 950 145 512 956 345 52 750 776 653 15 515 296 223 19 192 914 388 272 474 673 229 490 6 753 670 278 158 541 795 163 998 528 394 65 614 349 198 451 325 136 570 635 921 192 919 657 169 643 755 548 638 576 666 133 709 794 457 334 134 105 847 949 986 400 747 47 767 63 331 327 675 655 233 724 633 743 494 36 382 25 187 883 483 923 860 249 
608 446 555 22 45 384 422 518 80 954 960 253 285 425 552 513 984 757 219 50 772 956 434 427 417 676 227 693 279 50 249 199 422 485 747 680 353 545 254 128 710 469 97 585 398 780 700 361 509 36 216 357 912 927 188 229 161 309 765 834 220 310 538 399 247 624 699 154 748 77 575 553 454 161 640 693 28 487 111 424 112 17 95 597 87 1 307 203 806 571 334 441 489 374 695 929 411 438 416 805 
13640 12048 12574 13915 13232 12190 12242 12394 12258 10960 
100 10 0
694 668 755 826 568 989 530 604 946 904 456 899 847 636 593 791 824 676 602 1030 753 502 605 789 654 902 750 507 914 578 871 757 719 667 1046 863 610 1023 600 367 885 680 911 791 1021 556 768 511 465 667 840 779 454 728 554 581 825 559 631 992 472 633 834 580 680 574 805 706 661 1175 972 863 549 662 620 994 777 738 756 683 635 934 769 363 687 715 614 838 636 630 478 961 785 713 792 744 562 838 446 1055 
300 312 576 457 753 964 561 826 136 369 372 510 34 871 708 446 821 126 646 838 986 180 758 448 883 993 19 285 213 738 897 43 82 199 777 956 539 589 243 140 232 259 599 297 367 781 406 536 317 729 788 844 848 846 105 837 960 485 36 881 585 327 143 846 114 981 776 3 306 996 293 761 264 401 677 645 911 118 318 979 235 271 874 617 719 384 201 257 201 115 277 980 860 146 200 398 604 97 301 686 
727 393 192 689 360 259 55 428 243 859 701 926 895 584 115 927 191 508 117 891 231 656 518 52 918 990 299 955 752 307 807 684 313 226 836 828 104 154 908 412 313 843 459 275 841 50 749 364 392 562 807 437 56 903 334 394 711 48 17 285 142 620 783 807 343 578 768 594 1 885 446 422 307 846 607 128 770 608 745 186 290 593 868 493 678 197 566 127 496 914 810 364 887 132 213 685 243 390 878 611 
10 573 138 178 320 813 810 102 601 975 335 935 694 49 247 476 784 668 550 33 367 116 781 680 714 954 345 79 669 616 931 247 779 121 419 993 216 87 76 22 709 121 550 285 715 547 838 475 750 996 117 953 494 581 147 392 343 446 690 574 419 304 882 78 180 450 287 1 932 949 365 686 392 638 383 266 769 334 578 784 640 876 900 87 116 173 540 174 182 593 488 112 831 437 257 192 6 567 239 467 
243 542 212 103 402 61 89 503 112 131 354 748 743 324 723 763 242 621 935 905 327 90 781 766 311 399 233 116 967 193 731 479 228 250 802 793 177 550 958 212 72 521 168 383 498 605 746 365 790 356 957 976 562 954 335 432 341 511 402 124 537 439 18 788 41 554 198 484 615 746 4 737 50 257 666 913 336 302 552 173 682 747 646 453 896 752 183 599 240 493 699 694 339 361 621 668 674 870 113 880 
298 841 276 15 748 562 840 610 844 784 294 290 676 257 618 910 256 68 389 649 97 231 477 52 685 872 788 54 653 549 371 429 36 577 317 804 944 988 99 418 827 970 387 182 606 591 904 669 26 39 208 23 142 16 663 396 112 363 799 706 115 343 212 251 20 252 936 992 253 328 731 25 782 260 441 904 375 548 649 488 510 584 1 520 609 605 139 903 74 83 429 975 501 637 451 514 435 410 205 829 
596 470 904 327 662 679 630 871 960 632 181 336 237 176 783 70 873 320 359 726 253 759 718 575 786 286 89 594 151 146 155 154 963 772 897 731 338 731 394 629 639 516 403 997 189 302 676 424 542 257 963 223 480 440 204 112 322 778 5 538 498 645 155 631 420 229 407 855 138 238 366 776 302 271 868 624 272 3 222 462 600 839 937 267 347 957 453 716 766 770 425 444 955 801 765 52 102 766 474 754 
846 275 746 274 604 602 7 415 845 102 533 119 872 962 911 170 62 926 762 177 308 550 755 79 994 369 345 336 217 713 322 299 934 999 230 209 577 452 438 779 188 976 451 229 948 387 630 756 362 748 458 112 518 645 979 490 7 579 750 693 277 30 518 732 563 588 10 494 789 862 815 100 806 16 78 982 262 577 21 57 597 375 599 498 731 911 267 167 843 751 565 225 402 916 279 107 348 2 541 938 
113 575 747 970 657 702 782 860 85 397 589 313 113 310 39 669 891 445 897 804 36 221 173 398 481 667 932 921 361 752 775 867 27 968 953 724 623 227 429 237 993 878 254 276 709 305 362 554 246 206 262 378 580 111 688 498 777 284 222 879 826 135 698 810 317 352 802 212 39 639 913 619 867 453 47 138 105 432 417 673 116 323 937 73 154 90 252 406 90 398 5 195 727 461 20 47 838 207 6 185 
929 232 91 564 425 489 418 370 710 549 316 906 126 627 75 746 894 384 505 899 524 578 17 294 432 133 254 58 519 182 692 907 5 624 386 225 229 986 157 118 386 61 667 725 275 814 244 67 89 464 353 807 559 559 641 576 534 797 103 843 358 788 637 385 204 447 415 418 606 649 472 268 455 858 341 498 563 517 891 381 785 123 426 91 444 246 374 185 312 421 608 66 429 778 193 837 381 884 130 247 
492 581 916 686 692 452 475 881 598 304 346 8 952 937 924 71 266 406 127 705 502 221 769 678 338 999 896 453 79 904 675 944 895 519 457 746 257 833 701 426 292 606 583 12 709 32 241 123 185 279 158 232 296 734 82 297 303 771 393 403 604 26 225 101 128 670 175 498 839 548 915 276 166 791 154 433 936 787 799 287 433 506 137 70 39 280 842 594 379 511 213 597 108 18 453 902 574 107 333 500 
25307 25436 23390 24119 23307 25248 24830 23108 22625 23398 
100 10 0
942 586 844 896 496 650 477 998 634 454 741 884 807 745 517 834 935 532 587 576 447 750 683 721 883 908 601 720 719 750 760 731 524 764 632 595 557 787 822 503 958 695 499 604 898 974 744 706 610 747 949 762 752 871 872 840 837 817 443 551 765 724 575 678 884 1017 620 405 715 546 799 657 674 757 294 823 568 474 696 748 736 675 776 933 680 683 545 656 868 515 869 719 814 675 319 1012 651 804 870 682 
705 792 364 839 560 550 116 923 494 467 762 827 757 526 344 859 599 48 210 732 126 984 969 782 743 340 379 404 434 46 380 131 59 339 810 952 710 698 580 84 780 497 272 688 223 830 367 1000 447 336 785 745 227 820 823 370 711 598 325 61 280 310 76 906 416 286 888 31 794 61 590 297 836 765 236 145 791 612 438 575 568 844 531 840 708 939 772 375 254 83 200 477 120 391 64 784 138 50 838 380 
277 223 619 804 831 903 805 942 860 807 997 706 49 461 858 81 104 438 495 909 114 354 941 381 432 658 841 141 504 62 163 127 768 633 91 819 155 865 164 255 830 519 133 24 898 931 364 660 23 885 322 60 261 451 212 557 610 414 550 329 482 843 632 992 642 906 6 768 354 80 224 780 710 253 46 136 43 13 218 129 378 247 458 356 118 271 404 685 509 899 217 676 496 160 508 822 346 362 11 353 
659 70 162 341 810 680 816 859 404 251 547 863 151 124 762 605 261 189 478 501 129 986 744 254 195 565 553 827 403 418 403 952 62 906 650 658 516 409 170 218 54 974 744 368 936 821 200 823 490 669 586 869 774 714 683 342 609 699 325 269 170 730 821 451 172 141 624 739 51 679 717 515 288 829 1 971 92 41 621 234 62 193 215 245 821 60 700 198 532 914 344 310 312 817 91 179 355 414 51 488 
943 666 945 495 89 713 469 359 587 656 521 37 152 254 47 212 948 631 105 589 139 185 163 932 334 367 147 976 133 150 628 633 24 715 989 878 900 73 334 349 925 171 275 714 159 438 23 412 141 740 322 186 598 968 598 481 507 5 37 658 249 20 315 261 735 801 330 128 78 445 273 582 219 794 140 648 406 808 890 380 527 330 425 479 998 272 193 427 247 754 227 249 135 553 335 822 818 837 864 149 
208 310 233 288 115 132 20 734 666 53 118 475 234 514 132 90 881 656 292 300 738 807 523 749 376 524 945 122 555 902 367 893 795 539 652 828 871 729 162 382 172 804 444 419 463 571 276 461 249 464 966 986 5 523 149 134 82 725 593 27 601 245 494 216 30 949 771 923 278 226 231 134 309 782 100 522 788 717 568 934 789 593 551 270 375 662 211 892 983 37 295 295 148 513 14 486 97 979 22 347 
201 270 771 351 452 258 349 457 555 33 601 135 341 419 881 992 15 153 691 183 566 355 562 512 229 755 110 279 100 782 636 773 110 606 437 66 433 521 416 257 947 70 383 590 505 941 586 352 399 92 918 446 471 360 634 156 178 490 79 914 64 365 110 697 247 145 535 53 700 874 860 312 220 13 266 412 802 639 259 910 607 741 939 795 794 51 785 764 637 334 865 457 235 985 436 975 458 504 782 833 
997 477 667 71 935 445 249 81 206 546 755 586 485 535 75 853 320 909 317 1000 621 840 524 875 551 449 333 823 897 930 709 134 453 739 155 110 258 655 981 125 79 245 731 356 723 71 134 219 824 269 727 584 682 263 759 719 403 349 322 48 788 839 26 892 883 83 69 133 127 794 221 280 76 105 803 628 79 815 732 471 697 948 847 668 676 724 387 911 103 62 187 820 193 584 326 555 95 254 488 668 
85 254 611 490 238 277 619 329 155 471 900 391 93 849 700 156 532 510 408 417 187 283 671 898 714 148 80 779 817 779 453 835 980 988 437 443 291 465 322 53 87 838 551 508 84 892 343 152 553 614 629 414 112 957 551 401 789 452 874 195 697 739 36 114 732 955 867 571 421 622 89 679 617 189 476 559 196 14 95 816 42 891 811 287 789 347 403 43 932 815 706 181 376 229 36 113 870 748 951 977 
803 788 56 518 258 426 349 790 879 6 310 364 682 670 58 930 354 734 226 127 726 726 920 320 412 129 54 264 153 590 847 47 229 785 926 404 899 856 720 890 804 373 530 211 918 606 121 448 327 717 590 852 60 840 46 172 55 408 418 590 20 410 899 372 483 688 596 63 963 485 789 291 331 706 99 295 807 363 633 385 220 376 556 475 660 749 186 272 8 745 720 245 145 535 29 519 805 654 298 584 
714 953 870 401 508 613 627 447 710 470 338 101 233 416 687 613 560 910 628 902 200 445 815 971 808 694 571 266 588 94 687 648 952 836 689 604 71 23 984 322 826 854 395 324 255 253 573 8 863 482 6 316 941 523 56 106 359 86 510 667 214 501 988 757 854 343 550 492 981 112 2 938 659 916 77 366 861 390 535 229 745 26 598 211 537 84 58 344 456 239 405 683 989 853 921 544 363 386 943 937 
38264 34652 35766 33726 34350 35688 36911 36851 35828 39344 
