3
100 30 0
1002 889 774 746 873 916 731 660 601 792 647 623 566 574 953 922 927 670 814 661 590 1013 640 911 650 670 1067 988 765 955 857 943 502 584 761 599 507 804 462 558 648 484 898 1052 568 617 690 665 754 604 564 498 804 496 1013 834 561 873 859 578 534 819 619 953 497 843 800 934 757 570 946 691 1006 1027 714 630 565 955 828 564 601 631 823 657 617 674 624 647 506 1020 870 929 921 484 867 926 748 583 882 586 
193 665 929 958 962 186 666 630 615 67 334 823 341 590 734 747 992 826 276 645 572 127 673 587 322 846 792 437 180 774 675 827 287 318 705 416 619 494 468 720 276 532 148 186 349 631 598 549 521 365 618 4 906 725 542 994 702 676 766 540 317 88 505 760 275 206 874 481 213 283 795 688 957 405 377 338 981 583 576 956 173 143 381 927 669 256 981 67 274 486 600 68 961 133 133 719 789 607 613 563 
727 866 839 512 290 374 302 393 348 303 484 552 387 367 829 965 766 232 4 735 398 740 510 662 225 349 816 623 917 124 665 661 756 418 903 606 131 216 771 285 26 582 484 361 363 261 652 336 939 30 972 670 891 759 672 91 987 113 458 367 435 907 735 670 193 587 708 668 25 258 591 311 735 613 686 615 454 138 568 78 238 729 428 56 24 574 525 177 505 664 74 824 807 124 559 544 7 886 86 600 
202 308 835 127 500 755 546 594 2 790 865 825 318 346 261 517 524 306 542 409 338 483 329 843 954 727 905 361 7 763 749 980 352 263 607 750 647 1000 170 714 273 328 489 103 372 760 7 420 273 626 458 795 350 378 231 246 483 990 500 27 536 833 56 198 851 803 738 250 114 45 772 439 682 184 718 730 430 556 850 343 143 223 203 7 478 395 739 66 458 198 105 572 546 880 480 319 761 855 94 596 
604 986 985 672 941 503 561 416 293 181 317 837 156 800 39 309 497 680 622 848 863 425 976 389 757 321 908 151 603 203 264 116 662 86 16 63 842 516 521 698 674 323 121 966 562 382 190 557 254 617 832 342 906 294 400 694 265 275 573 942 354 344 643 194 438 9 794 467 474 776 903 8 284 767 549 1 63 544 682 967 135 685 201 277 716 982 162 295 471 262 123 988 677 397 349 109 854 356 519 715 
308 546 971 834 675 1000 74 656 517 878 729 579 900 300 904 357 644 913 542 664 309 435 318 489 156 195 999 199 436 894 647 153 271 946 21 24 704 143 280 921 4 993 883 561 539 815 534 30 730 597 83 793 325 418 797 925 599 657 241 695 250 255 905 563 750 345 612 554 601 251 863 997 826 584 890 441 725 213 330 184 934 797 594 338 134 698 617 984 503 719 754 653 199 544 974 474 814 663 801 224 
600 549 166 293 673 596 292 338 363 183 110 450 672 590 379 779 657 467 410 794 818 638 411 256 260 497 645 391 760 370 140 194 540 660 950 959 455 60 362 430 732 276 872 974 585 74 773 188 116 550 991 531 418 382 651 746 247 17 824 24 269 957 212 216 101 144 319 892 310 489 403 91 648 981 728 571 231 129 842 533 345 706 57 42 630 309 876 257 978 944 596 830 780 461 98 170 963 426 256 428 
757 482 216 451 1000 721 439 800 860 722 679 69 479 328 880 153 238 262 284 519 180 751 628 241 117 476 141 759 719 402 395 647 309 656 633 532 282 320 877 735 175 301 879 950 726 279 451 967 715 862 803 82 349 845 766 665 864 610 183 49 191 367 13 837 164 409 678 487 760 235 562 350 337 635 528 687 598 519 571 259 219 56 395 395 285 35 204 718 757 22 326 230 581 249 737 334 212 696 710 757 
305 626 126 671 424 275 747 847 447 481 456 782 368 33 746 962 397 64 11 296 989 656 707 784 160 912 837 842 796 483 50 444 93 52 616 928 742 558 152 895 698 229 202 569 233 75 345 184 395 76 446 431 438 473 653 621 504 390 2 113 412 826 49 477 372 9 424 795 282 371 622 120 78 226 784 322 806 710 871 747 833 848 339 739 210 289 829 942 726 880 263 875 84 30 789 608 462 857 360 454 
956 618 766 168 387 408 59 490 767 785 341 540 798 396 170 971 561 630 859 76 80 984 301 64 452 182 148 253 524 662 110 66 900 756 759 48 265 808 530 266 789 164 731 435 986 62 837 161 969 115 630 709 824 238 908 823 381 690 734 116 485 885 475 999 170 793 971 361 888 929 814 48 695 32 512 272 862 433 810 548 603 141 64 354 589 40 292 810 190 979 653 797 649 160 902 365 815 751 568 297 
809 139 175 213 533 52 958 642 264 186 746 579 88 126 806 883 543 33 772 655 887 25 807 720 624 54 720 484 266 977 983 409 347 511 757 345 503 976 835 803 570 475 644 984 735 38 771 64 926 951 317 432 168 586 60 436 554 1000 369 188 947 60 607 377 893 749 815 76 565 342 639 602 995 852 690 161 776 628 133 185 819 466 239 955 953 209 846 323 960 134 705 981 202 915 865 937 218 492 22 173 
63 467 899 943 59 500 874 255 435 200 101 198 605 186 801 553 315 220 787 884 129 990 463 647 831 235 981 720 319 548 930 686 334 457 407 161 355 540 908 155 89 611 75 647 739 352 76 995 780 267 540 446 725 275 260 410 91 734 370 184 109 358 434 638 865 967 219 114 313 258 545 955 336 196 790 668 520 140 552 255 102 14 560 467 412 90 288 5 156 444 249 608 501 65 847 261 136 670 582 320 
671 113 257 728 466 148 175 988 777 893 132 590 952 142 496 993 998 245 226 842 892 412 562 704 782 214 129 762 779 790 849 357 236 191 324 522 222 906 958 697 183 587 297 928 227 419 28 898 60 644 795 607 922 6 285 703 240 748 815 863 650 333 332 927 888 52 977 897 500 231 362 10 483 903 175 477 205 628 868 948 12 430 899 430 487 843 657 735 307 779 395 954 294 629 70 95 579 120 25 85 
957 130 876 430 492 152 309 117 928 569 223 504 344 611 553 717 817 626 415 518 952 588 930 173 942 254 672 982 798 756 692 830 631 931 716 895 330 583 357 8 587 131 262 982 615 364 422 14 834 772 22 134 213 391 135 934 282 567 474 370 175 720 314 84 788 747 897 627 957 75 316 518 366 449 256 462 689 800 282 679 376 88 744 485 204 35 136 790 690 785 308 868 112 939 874 775 915 473 396 211 
637 981 141 687 833 444 135 617 503 200 556 513 278 326 339 604 340 304 406 110 230 66 37 140 312 277 236 342 884 790 757 128 475 516 126 370 316 891 393 405 599 707 549 524 521 95 831 884 877 615 64 164 191 197 253 282 623 231 146 667 559 697 484 912 110 64 680 97 528 511 790 218 59 937 213 233 546 251 974 771 912 87 112 737 11 208 350 678 126 232 226 604 725 443 112 228 790 946 163 138 
940 647 48 506 266 907 844 598 18 201 318 610 307 240 428 589 124 147 446 840 507 113 749 755 388 827 906 564 835 649 742 975 640 123 917 76 212 497 385 92 519 905 375 569 304 995 772 456 113 918 158 407 64 873 98 694 710 201 929 768 333 526 770 830 476 316 949 96 194 594 965 395 555 340 459 944 910 208 553 282 554 138 670 309 628 449 307 207 74 702 207 584 749 400 942 905 984 921 122 326 
578 646 751 930 390 801 144 623 741 366 59 755 408 279 589 137 567 408 517 820 320 250 329 44 81 496 604 142 621 883 746 885 806 110 632 795 670 832 199 318 717 893 458 306 394 60 92 770 626 486 523 38 977 780 850 308 939 437 514 158 297 233 94 487 621 769 304 901 36 66 727 637 599 150 261 809 383 521 82 522 83 356 763 574 724 84 816 127 698 247 776 82 614 716 701 202 375 415 415 296 
281 615 793 243 913 128 701 879 473 183 497 991 828 89 790 650 768 435 612 151 111 655 376 784 627 699 904 696 188 401 956 307 420 678 493 698 333 988 50 339 680 189 767 139 516 158 804 931 167 888 278 315 696 21 944 345 617 798 463 759 557 87 800 8 157 239 650 153 298 57 764 295 706 396 588 52 411 738 348 825 504 587 189 450 583 639 993 53 478 646 242 240 513 696 235 373 884 299 890 815 
88 831 178 753 248 979 386 643 849 638 151 716 284 925 450 982 202 976 682 708 636 963 528 884 392 852 356 660 218 641 795 558 288 207 509 771 155 435 615 953 471 65 53 196 161 614 661 157 827 357 284 550 666 483 946 489 906 884 748 867 693 138 749 308 320 785 84 307 730 507 764 844 987 700 773 137 321 613 686 353 266 585 951 98 600 729 543 520 535 287 803 899 767 141 633 122 682 260 648 370 
501 491 280 309 415 318 145 314 795 970 420 304 165 857 483 778 158 2 705 729 599 422 793 477 655 90 823 649 405 568 289 641 381 700 644 164 146 399 182 553 911 982 255 571 246 7 791 293 516 160 774 764 259 352 941 223 726 674 191 127 897 742 279 310 40 534 368 353 572 824 479 581 613 496 313 843 531 571 204 555 539 611 358 97 210 542 511 274 266 901 408 925 335 285 465 10 304 639 156 412 
462 408 810 405 70 912 280 398 422 483 161 451 778 778 99 328 220 623 489 974 93 794 107 235 733 333 880 885 452 218 279 701 886 368 64 243 673 416 269 341 782 82 983 383 9 637 595 113 665 395 433 411 637 929 488 377 949 423 131 287 988 252 506 243 454 319 240 285 198 205 728 440 924 637 870 653 928 181 14 771 457 59 552 417 324 435 942 495 374 795 548 312 800 47 332 584 381 46 987 469 
413 569 832 751 622 591 670 846 687 722 254 912 349 750 934 496 497 455 663 93 240 320 729 496 304 155 286 699 723 500 601 937 774 275 254 226 30 245 110 523 359 586 937 807 396 5 314 664 189 917 568 803 851 38 994 655 765 679 928 619 305 337 258 42 425 412 697 872 603 145 799 450 238 423 256 15 958 527 541 912 422 70 380 545 816 694 9 276 742 275 10 738 21 310 245 417 199 619 595 363 
869 931 457 140 78 129 362 762 771 421 878 210 606 410 777 671 581 895 84 361 411 384 619 38 913 874 731 364 383 553 410 658 196 714 219 545 782 919 208 326 107 494 167 733 908 288 240 588 668 418 643 885 172 461 268 633 252 886 300 932 721 421 102 845 489 702 102 129 247 26 938 117 542 650 430 168 880 1000 208 298 900 974 528 263 881 515 573 457 686 137 647 681 645 216 665 139 722 344 466 100 
519 233 32 597 493 266 803 645 298 467 458 927 406 443 689 193 83 641 805 575 631 52 349 843 739 945 49 582 481 951 87 570 872 876 929 663 447 117 304 802 395 856 422 429 688 338 191 809 777 880 573 108 648 758 630 930 116 704 774 804 653 4 388 699 33 540 334 731 964 148 595 721 89 888 868 650 20 875 281 224 115 895 213 838 63 247 825 358 502 606 554 799 662 150 138 855 650 664 446 882 
908 934 221 456 222 298 291 264 512 901 784 295 241 830 557 606 278 216 151 358 619 778 667 685 541 974 520 614 291 169 267 250 752 524 837 344 857 143 684 765 350 200 708 620 987 918 468 380 532 993 240 68 643 669 354 639 392 459 63 296 52 758 523 100 966 61 516 161 746 262 839 546 790 957 405 704 106 406 539 952 369 609 836 135 132 510 886 733 857 989 711 428 646 991 206 288 936 162 674 123 
98 743 275 591 390 755 874 867 572 559 929 474 406 496 562 182 407 318 568 96 183 885 288 284 8 909 806 261 277 74 374 494 39 299 241 709 319 882 532 101 283 728 223 226 97 719 923 43 709 124 896 750 922 98 729 110 762 336 73 365 981 213 98 210 155 817 553 602 514 27 602 374 358 514 573 311 204 45 302 292 197 49 702 544 699 285 387 132 524 183 791 463 113 932 899 487 485 346 522 31 
518 510 494 166 838 68 627 427 790 874 500 715 23 460 241 454 440 501 958 780 526 610 706 619 271 214 20 445 757 109 421 884 179 354 262 397 217 95 528 933 527 311 429 838 259 45 874 511 683 203 553 231 761 98 360 416 129 980 43 484 388 955 322 408 186 983 538 731 449 82 685 940 392 92 345 934 434 741 617 877 499 14 165 406 372 374 794 568 966 549 969 212 248 747 793 445 529 222 908 807 
405 765 769 994 663 120 455 948 994 803 821 839 800 726 362 663 726 486 543 681 366 410 142 981 667 597 665 658 506 598 762 243 413 505 182 229 694 467 312 334 613 40 567 741 802 68 199 339 650 267 408 885 217 218 321 350 124 706 35 839 20 736 445 630 25 605 122 839 444 374 348 293 650 507 431 286 793 400 5 50 349 101 453 202 480 565 147 857 91 57 726 139 279 499 876 535 177 994 285 910 
409 248 874 233 385 580 20 76 670 248 828 84 560 619 6 786 954 908 372 780 728 883 595 304 27 847 160 736 566 311 97 355 157 898 619 2 91 420 439 766 328 79 291 473 636 541 890 843 742 407 627 609 348 271 762 436 152 981 977 287 38 53 780 215 97 67 655 728 958 971 56 603 39 754 667 225 688 836 658 710 791 620 729 574 21 22 843 697 543 429 958 918 899 963 55 352 171 363 469 515 
100 960 734 732 147 540 644 324 980 23 197 547 578 278 70 348 973 791 949 677 695 958 312 331 676 569 369 759 165 635 894 138 388 667 602 122 532 634 254 730 1000 943 589 410 192 506 689 884 883 251 457 489 408 200 895 511 282 488 203 252 470 827 178 423 310 157 284 99 147 638 176 146 157 683 176 643 258 371 43 340 119 89 543 142 554 724 443 882 387 583 301 543 710 585 449 865 114 509 204 816 
319 88 203 718 81 652 334 254 239 334 164 549 274 313 806 2 613 497 107 76 817 503 903 632 422 960 946 935 969 892 977 89 608 918 542 100 326 505 937 843 671 29 500 159 90 948 951 262 66 423 616 469 851 447 280 647 908 165 326 387 729 721 556 22 486 699 515 926 899 218 351 298 162 487 378 490 537 569 106 474 767 807 650 949 993 936 665 611 314 818 820 411 708 732 316 615 657 468 320 498 
13462 12368 11967 12333 14077 12087 12191 12139 13052 13502 11204 13012 13055 10782 12919 12040 12659 13677 11709 11856 12392 12559 13215 13048 10940 12338 12102 12513 11911 13080 
100 30 0
979 1047 747 668 715 731 713 892 728 859 930 622 540 772 862 717 597 612 832 498 751 876 715 792 709 635 677 674 839 769 534 920 778 820 595 689 690 563 863 818 983 983 566 787 532 601 855 809 684 704 601 377 921 828 663 597 769 834 786 928 819 701 827 889 834 595 760 496 767 624 675 621 935 511 478 893 497 822 581 601 635 828 490 887 945 909 1034 774 795 636 709 807 950 528 648 748 803 637 640 653 
152 37 364 953 602 474 459 592 896 789 799 518 50 255 220 246 340 895 769 447 530 922 850 208 221 576 169 412 144 78 68 750 473 474 268 403 400 467 66 161 865 484 786 403 537 524 509 914 251 879 816 515 839 834 126 115 871 25 478 354 697 345 676 170 555 620 720 983 498 703 656 51 457 142 406 41 266 818 74 69 669 128 766 557 428 465 36 642 2 41 288 589 423 192 716 954 333 50 207 373 
279 967 293 991 334 169 212 310 99 890 796 167 260 225 509 853 447 648 317 391 320 887 632 139 106 342 357 116 199 820 714 148 967 675 920 915 314 296 716 611 278 427 435 480 911 771 426 506 194 150 120 168 520 683 37 621 370 913 951 114 233 843 793 478 395 178 130 39 436 728 462 472 810 285 398 184 894 685 400 982 500 372 711 527 986 566 832 707 680 961 962 378 203 46 955 354 393 692 394 253 
196 764 793 781 311 953 974 503 938 135 341 336 733 649 536 994 790 688 305 733 35 710 733 622 566 374 209 895 171 906 66 188 474 945 477 785 701 855 795 565 530 378 658 751 405 485 851 306 692 519 776 90 274 785 489 460 768 90 363 583 472 139 375 988 679 905 852 558 741 349 444 10 773 686 23 469 29 17 329 712 677 318 828 68 776 978 870 789 875 243 952 488 880 111 668 701 602 524 516 299 
725 662 82 221 997 113 835 392 492 853 58 130 648 354 774 10 58 248 91 945 710 128 778 276 51 15 471 422 259 233 262 800 791 719 285 24 986 502 295 714 218 695 702 761 965 221 958 619 641 723 785 776 786 898 134 201 946 907 889 689 354 16 217 676 146 850 740 985 978 242 331 521 703 722 340 13 676 527 987 497 886 700 1000 570 765 951 887 649 595 242 210 12 279 874 471 441 303 551 16 418 
366 512 902 727 283 739 933 270 517 431 966 531 992 338 592 127 73 242 555 362 872 716 833 881 882 126 373 429 148 717 97 73 767 37 697 370 598 956 553 124 449 877 263 504 695 38 600 687 517 737 763 141 952 354 271 294 468 573 310 338 803 948 311 216 252 563 436 315 361 53 688 911 119 362 973 793 339 63 177 2 897 724 95 914 84 883 684 156 260 870 624 222 530 941 401 549 813 386 102 786 
355 805 705 710 327 630 994 367 572 614 890 264 165 276 630 737 586 968 880 188 938 689 996 730 363 863 456 289 899 353 409 903 204 460 548 811 865 279 715 784 115 290 652 944 265 480 249 722 852 136 778 780 638 487 530 103 710 515 979 860 644 328 98 306 68 131 883 709 213 392 27 733 991 859 23 420 62 744 792 341 344 620 715 533 416 736 129 939 745 400 587 662 410 960 644 531 180 865 180 411 
771 598 80 262 296 258 443 115 339 725 666 962 600 51 834 327 785 994 962 967 485 655 312 71 708 216 85 242 378 415 96 367 700 851 523 707 734 590 231 892 640 167 704 473 460 461 768 250 480 840 925 203 787 815 530 207 42 81 654 391 808 860 630 303 7 351 35 836 545 128 356 825 661 61 842 962 834 819 189 830 157 863 945 95 42 352 496 398 68 322 614 593 149 521 200 853 460 617 794 473 
42 775 898 264 18 487 207 36 244 260 953 643 392 978 215 379 250 675 651 948 666 795 263 522 689 349 331 695 283 185 470 34 375 372 584 234 88 6 192 201 744 553 27 401 753 646 655 151 180 56 779 137 637 301 623 745 20 696 434 182 853 144 535 63 234 694 791 271 397 497 221 784 696 401 28 631 729 45 985 403 206 469 775 989 4 799 214 117 575 619 563 179 768 133 886 464 914 149 471 120 
931 624 214 240 835 677 451 535 262 511 116 182 546 525 720 503 479 426 126 392 89 573 655 756 318 41 523 965 247 314 759 267 361 604 586 618 666 420 906 288 218 787 297 898 183 533 38 889 694 174 637 448 370 647 526 730 710 843 406 653 442 701 672 409 816 669 786 559 531 70 415 577 452 777 967 86 941 439 568 330 273 49 59 686 530 864 871 357 144 764 990 210 938 453 338 986 110 602 989 293 
848 468 346 300 973 330 135 337 252 123 495 985 225 613 970 939 289 185 499 173 741 347 765 442 86 418 532 646 517 739 172 949 336 158 485 559 11 381 1 141 316 96 651 527 317 210 208 93 903 201 170 386 307 920 712 751 8 308 911 13 764 433 39 480 91 546 494 203 720 651 333 40 174 806 284 69 701 967 342 165 237 440 451 484 108 828 82 359 128 541 243 991 963 587 22 660 441 283 382 825 
475 643 858 243 937 870 217 465 289 797 739 995 154 831 560 626 95 198 385 388 12 930 944 619 986 890 888 162 626 574 108 455 804 645 105 15 557 71 459 780 145 162 728 783 430 702 126 486 212 15 862 780 462 461 845 219 393 813 598 482 119 405 441 870 995 730 562 210 754 594 593 54 254 313 205 89 609 84 896 943 251 974 320 840 652 286 355 854 897 381 144 244 535 320 101 590 720 58 284 581 
624 22 157 608 126 280 257 833 540 409 492 388 533 92 992 696 832 955 297 795 969 633 781 896 258 102 383 575 108 732 288 936 32 644 28 896 659 415 774 527 677 510 419 655 64 936 678 140 785 191 377 756 465 697 262 13 48 167 233 297 278 248 854 211 984 379 201 423 436 550 369 275 782 618 828 550 6 90 442 252 904 112 177 959 465 182 835 229 665 868 9 436 502 815 293 702 722 315 82 669 
34 838 229 772 918 669 752 395 974 459 307 8 347 310 393 374 505 15 779 839 246 652 647 648 508 728 646 761 629 245 960 785 411 751 960 612 525 232 335 180 577 427 330 440 420 473 139 407 274 909 639 195 230 744 36 565 712 299 985 404 858 289 3 437 57 8 739 442 811 579 369 178 573 465 598 476 426 994 405 211 219 127 687 240 361 927 640 563 219 625 877 703 167 573 258 32 74 113 238 805 
57 845 293 101 180 597 929 636 45 665 295 914 939 950 227 584 223 458 803 457 123 354 156 858 622 92 654 186 792 659 856 535 382 102 892 174 300 96 401 263 725 677 563 620 725 209 290 889 240 992 52 345 906 917 379 892 590 3 231 954 995 717 562 126 977 591 134 59 63 17 358 831 523 926 71 410 86 288 709 412 837 585 28 994 807 298 677 191 47 636 213 442 921 448 748 899 341 719 562 397 
981 272 874 171 797 173 100 338 455 820 275 770 580 998 715 683 683 498 136 265 505 487 935 424 964 259 909 767 39 63 905 340 324 486 587 170 749 649 273 437 257 757 349 705 575 855 280 902 916 836 109 452 316 219 77 190 506 879 966 536 480 62 235 16 54 371 98 382 882 683 399 714 531 601 251 786 997 483 236 881 508 113 212 446 137 128 505 466 317 51 639 535 377 396 39 456 513 654 502 413 
4 842 862 155 77 875 565 709 94 842 511 61 985 752 92 537 463 983 425 725 460 839 911 524 745 378 150 278 575 847 464 232 532 23 461 719 383 112 138 458 955 828 144 626 493 889 358 907 862 647 230 183 80 324 496 87 976 184 584 233 495 15 608 168 184 129 878 110 90 706 83 217 203 739 57 969 936 749 649 261 438 225 887 265 847 602 135 632 462 996 933 353 754 541 589 139 218 392 670 471 
596 529 776 690 301 804 583 456 368 804 871 967 135 148 550 369 587 623 71 231 971 97 204 109 286 521 25 194 265 517 280 460 455 772 320 477 19 657 637 968 303 381 190 986 506 857 177 640 347 54 806 476 808 932 54 255 181 909 865 437 261 839 794 939 906 643 852 234 501 330 313 593 707 752 502 636 102 119 216 894 95 412 341 623 116 656 482 213 750 438 488 868 446 399 645 750 413 671 772 281 
121 789 820 91 6 582 737 294 851 174 389 763 255 467 708 519 343 818 137 153 529 326 604 311 365 332 681 475 128 632 207 993 632 173 245 806 776 478 317 231 985 895 901 783 708 539 434 838 777 836 315 217 670 644 886 950 937 15 397 140 892 620 318 108 859 479 326 449 583 672 699 313 272 322 3 233 20 963 776 379 10 598 424 294 853 481 270 561 618 687 866 47 232 517 529 721 697 950 909 782 
916 110 298 227 624 197 894 139 449 163 557 533 475 158 519 248 679 708 187 48 168 756 112 941 900 987 992 519 810 687 490 772 952 821 99 325 954 363 117 732 938 812 795 54 371 439 769 616 899 982 638 138 187 335 966 542 568 477 890 320 7 964 679 594 322 623 278 247 781 129 864 755 655 901 72 516 809 63 758 980 257 510 47 689 883 400 213 314 596 756 672 994 862 221 498 938 882 115 579 760 
929 441 441 858 689 671 700 392 368 54 181 365 185 285 405 611 697 94 981 161 568 839 745 310 561 601 315 163 640 914 473 226 62 411 334 735 582 681 721 979 533 604 615 539 571 82 433 482 980 33 46 35 989 294 854 861 55 576 684 676 829 955 697 131 381 86 840 292 336 276 741 395 561 306 748 710 688 229 883 164 84 929 63 24 586 474 935 597 672 627 499 558 831 727 482 789 692 914 206 871 
102 583 97 425 781 688 219 365 103 839 2 187 737 432 33 264 239 50 188 63 44 329 536 634 792 197 326 102 341 744 25 97 792 282 388 909 128 445 477 666 232 40 767 133 435 891 675 99 820 711 380 163 339 195 221 702 239 422 755 871 279 591 537 35 702 70 943 815 74 905 154 52 251 46 954 179 515 988 518 80 122 928 704 161 102 672 856 539 461 241 257 721 994 176 862 491 121 194 890 935 
395 333 226 403 488 323 835 166 920 411 738 505 391 725 920 681 644 840 394 897 360 278 890 866 815 314 231 482 256 455 852 189 243 160 84 574 263 887 945 220 362 710 159 877 797 143 515 403 885 948 130 272 602 174 900 883 372 294 293 536 770 668 951 321 307 219 233 167 49 769 549 598 161 840 716 443 731 542 10 903 49 180 9 832 769 120 103 708 907 35 807 853 250 202 568 971 578 509 56 988 
773 858 710 916 405 455 530 197 505 529 885 348 200 119 159 561 903 397 277 869 427 393 183 681 269 208 354 66 656 199 354 359 587 985 221 382 327 611 529 801 423 568 955 500 171 517 748 579 963 996 228 254 780 625 707 172 556 623 683 200 677 624 271 806 563 374 370 796 925 996 824 200 174 604 229 710 169 527 663 286 134 998 28 343 422 387 779 990 296 702 500 788 385 288 599 298 694 194 245 318 
273 771 408 779 437 132 979 457 938 236 369 290 286 266 247 975 578 37 681 542 896 181 941 69 61 328 241 315 730 468 429 467 282 960 385 432 812 968 509 47 598 364 978 942 981 912 947 584 542 570 643 678 684 653 941 949 824 584 54 81 577 469 235 357 937 290 738 496 123 410 386 678 733 104 249 36 466 905 225 729 988 143 169 757 676 957 933 618 97 294 934 261 58 788 7 459 524 121 868 819 
578 839 907 840 376 976 55 642 213 692 440 25 355 86 253 810 344 718 613 933 378 332 728 29 525 801 584 300 405 982 519 689 914 657 399 683 21 507 684 506 614 810 914 218 155 895 693 919 849 879 404 271 771 810 629 234 179 133 839 610 11 568 850 138 249 815 919 416 542 321 999 882 518 42 765 411 509 233 474 834 574 169 299 206 146 167 477 3 746 264 372 99 382 280 902 942 161 818 323 607 
882 747 49 4 691 725 609 299 71 164 923 820 55 563 714 835 985 316 991 442 340 153 47 681 790 613 291 317 217 417 427 720 521 744 226 542 895 746 327 171 803 921 17 814 820 357 401 150 303 800 540 326 64 80 759 322 419 1000 353 990 601 685 614 739 780 209 105 449 809 10 63 444 808 671 380 566 549 168 71 967 724 99 604 943 942 110 900 583 990 344 999 899 490 477 461 80 817 437 607 350 
801 740 921 356 422 447 980 965 378 91 236 998 408 862 542 92 686 90 592 384 525 109 22 955 514 434 344 215 330 893 532 915 696 176 340 508 126 752 968 947 668 543 602 243 355 368 364 247 465 653 985 542 122 768 397 45 995 979 134 208 854 976 96 953 772 111 953 92 166 723 609 352 930 491 207 598 406 834 955 623 901 518 264 391 717 656 678 35 172 856 200 787 229 486 90 320 463 352 424 428 
632 895 511 68 668 152 284 551 400 643 86 411 308 349 341 932 84 46 831 299 741 290 710 200 904 856 491 312 192 28 680 428 683 508 465 423 538 61 865 949 89 348 403 548 685 435 623 989 1000 609 168 119 623 360 791 359 93 221 154 736 303 282 146 828 551 203 376 953 421 539 477 466 225 132 435 179 489 80 551 514 618 418 955 821 888 395 604 999 622 118 281 74 365 811 510 28 540 252 795 242 
883 689 377 669 168 115 358 654 94 602 828 514 929 248 30 406 834 506 37 450 618 18 253 85 864 94 724 948 259 629 388 9 414 167 388 413 583 122 227 606 870 876 888 663 157 507 881 154 444 894 546 166 49 258 801 969 978 627 235 404 155 481 697 256 261 414 296 220 204 536 211 339 335 323 193 920 438 540 878 18 390 470 778 197 188 645 531 669 338 763 988 339 979 813 915 958 288 885 147 432 
841 286 126 670 235 386 703 372 445 91 267 460 568 2 950 181 841 851 236 107 32 566 726 987 325 339 881 66 352 357 21 986 373 91 435 621 234 822 644 237 152 302 712 921 259 43 469 119 730 253 516 945 836 186 922 242 321 939 780 206 995 621 728 947 753 680 947 192 450 641 502 554 377 24 455 49 269 625 312 372 38 90 922 521 215 794 312 58 469 892 212 584 451 790 106 201 3 644 654 897 
22714 24862 27746 26132 25072 27537 25033 22093 25823 21638 25103 23826 23975 24770 24044 24335 24925 25729 27273 26059 21428 25148 25306 26163 25799 25927 25822 23327 23998 23456 
100 30 0
803 808 667 800 647 530 950 804 707 818 625 610 607 846 596 920 932 655 770 538 603 692 816 902 601 554 934 809 717 644 489 698 881 699 787 523 681 797 578 686 736 725 640 888 463 784 540 615 562 674 498 824 759 540 515 969 831 1074 797 581 1019 1024 713 785 873 536 784 672 999 560 943 699 760 750 865 902 657 944 580 522 525 623 602 874 554 464 739 954 834 842 646 665 655 895 652 946 720 663 651 809 
237 471 397 472 890 275 661 142 400 829 30 14 360 514 656 862 740 95 758 769 394 697 731 240 708 133 939 504 869 649 952 78 436 271 403 402 824 533 166 686 624 374 99 461 583 814 551 76 425 920 180 698 624 423 546 967 77 958 451 653 351 528 208 697 965 990 494 800 236 509 184 129 455 508 700 231 89 998 717 675 532 907 892 571 855 502 885 612 817 838 2 937 920 486 346 777 872 468 280 497 
253 962 227 759 326 861 624 938 911 520 442 938 989 289 749 363 63 895 85 185 90 952 554 34 145 564 95 702 429 632 327 151 306 892 687 376 126 388 697 559 920 311 357 354 108 617 336 180 137 32 362 204 742 257 793 753 664 737 527 600 61 658 539 776 901 860 603 988 198 591 773 430 292 161 743 924 962 996 36 948 195 980 812 702 847 35 207 190 191 917 129 38 415 275 14 518 614 433 360 579 
806 990 668 479 275 30 760 318 6 313 499 492 271 201 642 616 396 46 246 569 509 649 503 98 827 531 646 575 859 43 525 876 206 122 999 227 190 350 216 953 688 936 563 461 396 631 477 928 606 137 388 10 474 645 126 299 553 720 292 44 822 523 11 281 38 378 878 552 659 883 262 758 144 626 636 325 210 303 52 295 843 940 378 153 14 319 129 905 841 693 143 78 61 177 378 241 935 630 145 694 
684 858 3 99 663 855 624 453 890 720 752 117 701 872 455 302 129 954 750 923 92 847 48 723 442 172 834 643 448 71 207 487 264 677 350 321 291 414 693 805 218 482 73 538 995 364 356 817 124 763 646 803 928 368 959 84 364 612 930 353 353 909 665 354 775 372 632 280 230 111 971 933 284 199 927 910 157 401 385 722 142 365 48 503 663 456 20 929 836 2 403 441 578 903 151 615 362 141 825 272 
367 843 156 981 247 804 569 561 915 286 502 97 399 77 141 960 64 398 174 314 936 13 565 29 43 365 97 110 775 123 249 569 350 217 670 221 571 939 904 795 846 571 538 613 183 85 453 783 51 962 326 423 50 21 143 371 821 624 126 878 840 851 407 186 675 465 202 517 328 643 252 428 284 129 982 72 550 509 392 626 537 237 948 799 633 731 746 4 975 559 430 249 684 32 380 117 135 300 935 557 
359 893 740 947 719 848 890 864 701 635 13 818 352 862 471 580 981 855 630 440 953 834 395 141 739 535 431 329 137 986 86 925 878 64 217 586 398 398 813 975 602 922 253 199 786 726 360 493 158 432 162 168 963 898 203 372 813 866 402 765 313 338 367 28 871 933 339 88 953 774 800 283 599 224 160 586 350 572 575 394 605 510 823 346 365 519 71 580 483 233 83 579 751 956 754 636 697 979 177 868 
705 749 931 190 35 797 197 233 172 857 339 962 64 466 509 951 975 944 406 766 164 11 610 433 995 225 182 107 484 779 220 624 732 581 13 294 863 369 173 909 909 124 373 7 353 379 763 863 834 277 418 291 575 208 233 433 973 312 692 931 969 147 764 722 500 150 887 948 873 534 848 357 367 701 429 159 591 730 706 242 133 103 577 337 46 1 614 425 142 938 979 650 191 534 57 812 464 583 121 936 
395 49 21 531 812 933 754 412 738 702 410 919 752 93 83 217 441 501 66 235 341 606 308 938 493 18 922 980 232 793 314 866 828 844 677 358 195 483 93 116 291 344 755 240 99 168 937 67 462 221 476 661 866 372 439 593 61 919 368 291 868 474 99 402 412 14 216 510 156 32 454 984 120 871 572 292 663 335 331 687 119 608 917 248 237 309 396 240 918 118 514 553 429 413 300 408 459 592 846 634 
95 43 109 552 635 203 270 834 226 83 793 397 491 974 805 980 894 273 698 327 625 270 593 550 586 104 309 500 817 473 190 588 493 301 593 484 547 893 440 908 958 987 810 413 498 336 739 585 966 439 362 199 812 359 253 42 770 899 245 958 943 26 289 203 893 605 939 37 176 428 252 225 482 871 367 311 596 110 897 535 572 999 436 790 953 75 254 997 336 398 493 118 828 482 758 822 686 539 674 289 
146 161 824 544 646 880 248 490 617 647 868 510 216 698 463 629 591 271 235 895 89 523 932 980 839 778 398 230 27 240 359 985 386 915 852 298 218 709 733 480 394 931 127 398 626 63 253 603 574 437 253 888 758 207 244 831 115 713 353 188 985 396 818 388 431 147 681 896 887 535 61 864 133 883 256 367 754 406 107 194 54 764 940 176 296 172 299 857 861 559 415 734 89 942 835 964 353 16 304 488 
868 389 808 889 580 822 24 257 169 592 364 473 560 77 879 863 574 457 537 64 895 453 255 45 788 902 761 928 296 778 590 971 225 784 512 93 318 4 7 419 733 501 86 640 619 135 231 332 688 351 128 822 799 3 426 345 753 781 909 928 12 394 758 681 14 87 203 442 4 319 732 647 928 564 370 255 902 99 804 409 654 230 502 857 303 911 896 834 576 706 391 899 21 760 206 698 515 378 714 426 
596 356 304 11 225 533 39 165 83 296 53 196 712 484 587 491 366 588 208 385 841 749 278 443 684 403 446 846 392 594 604 659 896 573 11 25 249 873 718 652 978 222 548 935 255 755 345 402 325 607 323 379 516 839 443 678 968 19 872 389 70 151 699 654 239 361 252 175 614 671 759 282 633 542 270 448 666 539 230 95 354 946 849 715 562 920 486 926 609 472 754 335 588 319 85 211 337 817 772 927 
858 264 778 521 10 552 782 697 248 579 194 970 863 749 737 192 857 719 806 25 183 28 13 436 514 621 114 491 902 900 35 487 204 771 886 655 300 19 594 920 996 171 455 483 938 559 356 122 739 516 228 713 338 652 448 884 800 590 99 316 791 739 544 40 100 97 228 333 607 807 795 334 355 164 259 986 670 624 418 561 231 608 448 316 795 946 973 382 623 852 688 31 626 397 988 978 914 232 444 564 
267 253 888 827 230 422 815 655 216 289 819 4 46 378 818 755 577 910 145 844 613 47 721 644 873 107 703 438 470 883 437 946 992 92 491 336 446 591 898 26 345 905 798 229 886 923 257 542 316 246 407 925 324 366 69 986 67 964 601 762 281 376 840 672 567 460 866 467 50 642 246 227 594 385 244 914 841 962 414 85 412 61 845 952 995 249 637 715 48 536 9 271 546 751 853 62 310 894 157 341 
778 556 856 514 641 648 156 21 454 695 736 848 873 89 660 303 858 993 289 918 497 792 904 565 457 137 867 28 383 866 389 53 286 103 763 431 168 711 487 716 29 875 865 423 780 538 700 792 530 374 689 435 396 331 141 379 590 677 75 538 17 783 698 141 455 139 725 721 695 293 461 913 718 573 239 226 515 480 924 980 385 486 228 769 571 458 154 267 745 836 165 760 517 917 404 652 851 231 303 882 
348 514 790 962 202 342 562 801 536 924 941 868 185 212 330 786 149 876 325 684 411 557 321 845 489 13 170 842 732 35 249 840 256 895 993 728 543 589 267 52 370 46 7 966 681 445 149 404 330 690 150 366 298 640 758 915 383 910 773 943 809 992 650 813 460 891 7 283 31 203 586 939 618 653 721 995 545 403 867 441 154 939 6 488 272 134 421 841 950 153 709 698 482 325 787 911 463 359 416 675 
177 391 711 85 950 25 332 187 905 854 165 767 430 831 381 972 420 870 285 390 14 221 746 293 840 43 972 72 681 90 147 464 877 146 633 636 112 307 272 446 810 45 754 152 108 439 411 712 751 769 591 460 7 226 603 118 425 705 548 358 298 509 545 114 19 11 306 934 150 810 13 188 298 312 308 418 910 307 648 582 263 230 307 2 361 913 112 615 471 656 588 426 571 743 66 905 180 546 479 845 
954 551 978 805 331 8 65 54 627 609 219 428 110 974 433 327 653 34 523 358 433 255 660 756 131 785 813 253 87 864 403 127 484 177 703 897 556 804 225 604 660 228 668 75 130 504 464 876 226 900 658 740 919 950 131 956 609 561 3 390 228 861 588 365 234 737 838 807 309 621 253 436 175 137 421 324 157 877 161 914 496 831 758 57 762 438 331 994 479 706 500 684 243 215 43 40 78 214 213 89 
919 698 413 350 718 786 780 949 175 396 780 63 487 476 943 118 480 967 153 430 53 178 47 550 228 928 503 150 422 528 5 38 96 59 161 202 599 23 930 703 390 453 608 308 527 954 212 937 283 335 456 648 945 713 38 846 504 480 41 896 980 232 270 925 546 977 752 672 740 95 934 314 932 457 662 225 481 17 446 811 834 593 590 928 613 840 974 170 773 206 921 766 72 277 711 1000 124 580 708 336 
365 418 505 486 151 599 990 982 588 122 404 940 717 874 708 374 815 862 10 100 501 691 439 608 552 320 913 717 446 243 274 594 1000 577 467 667 89 624 135 643 623 357 264 36 276 564 225 450 617 411 640 418 303 302 154 630 885 648 107 278 513 894 733 741 551 91 292 745 938 59 138 792 437 209 776 787 703 135 751 979 691 592 545 654 251 495 355 400 72 254 103 625 547 478 859 363 688 345 331 120 
648 217 839 445 947 870 876 856 487 538 460 379 243 373 517 310 106 439 361 78 720 225 659 375 462 258 693 706 157 426 585 399 92 193 37 442 914 933 846 117 731 581 24 888 322 425 227 99 618 925 758 416 437 657 647 425 857 50 770 308 541 591 630 168 63 403 333 214 635 621 380 953 763 785 613 412 49 588 228 477 925 458 624 293 743 207 285 877 788 384 659 599 497 727 993 754 344 512 287 787 
13 863 286 955 903 525 657 909 847 335 720 644 386 629 535 415 159 771 739 44 767 177 888 605 751 658 547 692 103 503 491 80 488 754 254 925 319 194 852 701 212 305 14 472 49 47 869 845 811 644 986 750 227 295 321 940 569 377 812 496 268 145 800 300 340 22 618 173 708 199 624 698 248 843 71 113 419 639 192 6 133 522 185 27 822 457 245 349 822 508 419 188 688 221 103 321 922 564 827 221 
685 501 963 941 828 156 731 927 686 581 641 916 628 501 609 883 362 168 749 633 454 378 417 698 129 836 480 837 888 980 512 795 554 147 285 62 663 388 713 250 732 370 79 949 104 615 946 301 646 411 184 254 945 715 966 1000 353 341 810 370 736 965 346 136 539 129 344 285 304 84 618 394 892 517 403 74 746 829 692 475 394 27 168 965 616 415 337 279 271 945 6 334 265 455 489 461 392 832 618 427 
841 260 694 879 958 87 469 620 504 977 62 876 783 871 274 646 857 8 755 159 20 567 171 738 347 251 909 656 714 583 316 197 970 258 68 736 642 695 700 273 404 827 849 647 675 816 881 537 902 723 484 544 654 983 211 182 694 320 221 890 95 567 213 598 153 897 214 207 345 974 714 778 309 81 260 446 624 821 859 470 750 194 740 10 455 450 292 858 555 566 458 75 353 751 47 525 1000 390 17 506 
226 339 460 543 387 78 849 136 637 94 578 636 777 221 850 413 389 311 846 318 553 294 995 259 919 584 583 234 117 356 784 827 60 758 317 800 415 320 581 788 946 628 203 821 895 770 23 817 114 927 499 242 544 976 626 842 522 137 320 37 722 344 625 104 850 520 995 373 935 247 307 755 400 734 633 168 857 676 114 726 205 441 209 598 296 483 485 824 736 195 552 141 335 76 605 715 817 393 399 678 
101 699 217 830 141 509 722 644 950 776 556 924 999 318 665 554 113 855 356 20 667 629 304 348 314 136 364 778 338 231 233 27 368 685 224 779 163 832 431 115 838 241 501 635 214 501 50 262 836 837 441 456 33 95 864 513 556 578 957 926 782 141 464 555 264 613 512 115 985 600 911 36 185 940 677 595 796 790 581 74 911 36 282 595 316 266 783 155 334 93 89 463 900 312 21 224 389 58 985 790 
511 260 347 918 567 915 691 211 376 234 202 629 92 229 303 412 916 365 878 619 687 71 39 205 436 419 864 657 415 532 122 36 869 348 419 938 25 606 568 941 42 433 889 465 738 127 346 861 687 169 461 842 495 1000 41 176 590 219 984 533 319 948 587 525 644 113 303 561 509 620 444 143 802 1 113 941 977 378 593 101 639 469 339 654 942 840 901 376 946 722 870 894 684 385 390 905 338 891 974 681 
509 733 334 459 889 645 611 8 546 727 645 35 538 842 585 408 821 184 844 317 849 792 970 138 630 556 185 568 681 33 137 947 280 122 903 967 453 314 382 516 715 622 981 8 74 951 71 888 227 560 973 415 793 235 835 259 349 644 741 882 784 443 759 207 759 898 927 260 872 514 924 135 598 446 426 413 854 708 860 703 791 895 737 902 500 254 674 839 874 698 9 423 288 809 306 365 344 574 830 139 
209 301 227 362 146 215 988 544 943 42 818 283 523 53 536 146 377 991 495 359 539 701 518 511 983 605 504 381 581 61 915 610 448 978 83 589 79 346 787 210 395 736 70 957 199 763 577 330 753 446 106 588 522 805 444 441 583 620 113 415 780 975 134 194 30 705 245 801 262 726 54 195 884 823 707 876 201 224 21 544 178 635 506 956 534 563 379 719 558 896 855 147 863 797 785 619 849 587 265 804 
557 107 670 491 609 350 615 554 219 269 604 386 662 591 496 952 895 694 258 591 534 25 16 385 822 479 578 821 259 887 655 303 438 642 931 602 386 222 179 326 779 665 246 434 364 434 603 192 461 855 898 515 822 149 76 65 415 836 106 16 531 46 727 826 680 723 708 704 791 54 47 192 947 45 442 238 436 531 388 884 697 333 299 225 191 431 85 178 548 620 73 92 393 359 520 725 131 837 290 21 
40613 37475 33926 37976 34193 41642 37673 34387 39195 38110 37936 36560 39274 38705 39692 40109 33068 35490 38657 37298 37937 36071 39638 39339 38092 35900 39324 42050 38045 34484 
